
101010033
101010034
101010035
101010036
101010037
101010038
101010039
101010040
101010041
101010042
101010043
101010044
101010045
101010046
101010047
101010048
101010049
101010105
101010106
101010107
101010108
101010109
101010110
101010111
101010112
101010113
101010201
101010202
101010203
101010204
101010205
101010206
101010207
101010208
101010209
101010210
101010211
101010212
101010213
101010214
101010215
101010216
101010217
101010218
101010219
101010240
101010356
101010357
101010358
101010359
101010360
101010361
101010363
101010364
101010366
101010367
101010368
101010369
101010386
101010409
101010410
101010411
101010412
101010413
101010416
101010417
101010418
101010419
101010420
101010421
101010422
101010423
101010424
101010425
101010426
101010427
101010428
101010429
101010430
101010431
101010432
101010433
101010434
101010435
101020065
101020071
101020072
101020074
101020075
101020084
101020086
101020087
101020088
101020112
101020113
101020114
101020115