101010001
101010002
101010003
101010004
101010005
101010006
101010007
101010008
101010009
101010010
101010011
101010012
101010013
101010014
101010015
101010016
101010017
101010018
101010019
101010020
101010021
101010022
101010023
101010024
101010025
101010026
101010027
101010028
101010029
101010030
101010031
101010032
101010050
101010051
101010052
101010053
101010054
101010055
101010056
101010057
101010058
101010059
101010060
101010061
101010062
101010063
101010064
101010065
101010066
101010067
101010068
101010069
101010070
101010071
101010072
101010073
101010074
101010075
101010076
101010078
101010079
101010080
101010081
101010082
101010083
101010084
101010085
101010086
101010087
101010088
101010089
101010090
101010091
101010092
101010093
101010094
101010095
101010096
101010097
101010098
101010099
101010100
101010101
101010102
101010103
101010104
101010114
101010115
101010116
101010117
101010118
101010119
101010120
101010121
101010122
101010123
101010124
101010125
101010126
101010127
101010128
101010129
101010130
101010131
101010132
101010133
101010134
101010135
101010136
101010137
101010138
101010139
101010140
101010141
101010142
101010143
101010144
101010145
101010146
101010147
101010148
101010149
101010150
101010151
101010152
101010153
101010154
101010155
101010156
101010157
101010158
101010159
101010160
101010161
101010162
101010163
101010164
101010165
101010166
101010167
101010168
101010169
101010170
101010171
101010172
101010173
101010174
101010175
101010176
101010177
101010178
101010179
101010180
101010181
101010182
101010183
101010184
101010185
101010186
101010187
101010188
101010189
101010190
101010191
101010192
101010193
101010194
101010195
101010196
101010197
101010198
101010199
101010200
101010220
101010221
101010222
101010223
101010224
101010225
101010226
101010227
101010228
101010229
101010230
101010231
101010232
101010233
101010234
101010235
101010236
101010237
101010238
101010239
101010241
101010243
101010244
101010245
101010246
101010247
101010248
101010249
101010250
101010251
101010252
101010253
101010254
101010255
101010256
101010257
101010258
101010259
101010260
101010261
101010262
101010263
101010264
101010265
101010266
101010267
101010268
101010269
101010270
101010271
101010272
101010298
101010299
101010300
101010301
101010302
101010303
101010304
101010305
101010306
101010307
101010308
101010309
101010311
101010312
101010313
101010314
101010315
101010317
101010318
101010319
101010320
101010321
101010322
101010333
101010334
101010335
101010336
101010337
101010338
101010339
101010340
101010341
101010342
101010343
101010344
101010345
101010348
101010349
101010350
101010351
101010355
101010362
101010371
101010373
101010375
101010376
101010377
101010378
101010380
101010381
101010383
101010385
101010387
101010388
101010390
101010392
101010408
101010414
101010415
101010436
101010437
101010438
101010439
101010440
101020000
101020007
101020008
101020009
101020010
101020011
101020012
101020013
101020019
101020020
101020021
101020022
101020023
101020024
101020026
101020027
101020028
101020029
101020030
101020031
101020032
101020033
101020034
101020035
101020036
101020037
101020040
101020041
101020044
101020045
101020050
101020051
101020052
101020053
101020054
101020055
101020056
101020057
101020058
101020059
101020060
101020061
101020062
101020063
101020064
101020066
101020067
101020068
101020069
101020089
101020090
101020091
101020092
101020093
101020094
101020095
101020096
101020097
101020098
101020099
101020100
101020101
101020102
101020103
101020104
101020106
101020108
101020109
101020110
101020111
101020116